WB97X/6-31g*
500
2,H,H,
-4.1521766e-18,0.0000000e+00,4.3905216e-01,4.1521766e-18,0.0000000e+00,-4.3905216e-01,-1.15797910631,
4.3346129e-18,0.0000000e+00,3.0045238e-01,-4.3346129e-18,0.0000000e+00,-3.0045238e-01,-1.14859307815,
4.8286656e-18,0.0000000e+00,2.9238391e-01,-4.8286656e-18,0.0000000e+00,-2.9238391e-01,-1.14304987859,
-2.2468310e-18,0.0000000e+00,4.0793553e-01,2.2468310e-18,0.0000000e+00,-4.0793553e-01,-1.16436743245,
2.9469732e-18,0.0000000e+00,3.2311428e-01,-2.9469732e-18,0.0000000e+00,-3.2311428e-01,-1.15968842107,
2.7587100e-18,0.0000000e+00,3.2618883e-01,-2.7587100e-18,0.0000000e+00,-3.2618883e-01,-1.16075614804,
3.2918263e-18,0.0000000e+00,3.1748238e-01,-3.2918263e-18,0.0000000e+00,-3.1748238e-01,-1.15748156546,
-3.6810509e-18,0.0000000e+00,4.3135810e-01,3.6810509e-18,0.0000000e+00,-4.3135810e-01,-1.15979918944,
-2.2326624e-18,0.0000000e+00,4.0770411e-01,2.2326624e-18,0.0000000e+00,-4.0770411e-01,-1.16440417915,
-3.3409575e-18,0.0000000e+00,4.2580396e-01,3.3409575e-18,0.0000000e+00,-4.2580396e-01,-1.16102273904,
3.7963156e-18,0.0000000e+00,3.0924344e-01,-3.7963156e-18,0.0000000e+00,-3.0924344e-01,-1.15362288272,
3.0876917e-18,0.0000000e+00,3.2081616e-01,-3.0876917e-18,0.0000000e+00,-3.2081616e-01,-1.15882804751,
-1.6978936e-18,0.0000000e+00,3.9897069e-01,1.6978936e-18,0.0000000e+00,-3.9897069e-01,-1.16565291839,
4.0601391e-18,0.0000000e+00,3.0493489e-01,-4.0601391e-18,0.0000000e+00,-3.0493489e-01,-1.15128208305,
3.9757245e-18,0.0000000e+00,3.0631348e-01,-3.9757245e-18,0.0000000e+00,-3.0631348e-01,-1.15205639125,
2.4648123e-18,0.0000000e+00,3.3098856e-01,-2.4648123e-18,0.0000000e+00,-3.3098856e-01,-1.16224056234,
4.1443345e-18,0.0000000e+00,3.0355987e-01,-4.1443345e-18,0.0000000e+00,-3.0355987e-01,-1.15048543018,
-4.6041555e-18,0.0000000e+00,4.4643354e-01,4.6041555e-18,0.0000000e+00,-4.4643354e-01,-1.15610864070,
4.6295008e-18,0.0000000e+00,2.9563650e-01,-4.6295008e-18,0.0000000e+00,-2.9563650e-01,-1.14539779358,
2.3547501e-18,0.0000000e+00,3.3278599e-01,-2.3547501e-18,0.0000000e+00,-3.3278599e-01,-1.16274156989,
-5.0486865e-18,0.0000000e+00,4.5369330e-01,5.0486865e-18,0.0000000e+00,-4.5369330e-01,-1.15416188008,
-3.6018083e-18,0.0000000e+00,4.3006396e-01,3.6018083e-18,0.0000000e+00,-4.3006396e-01,-1.16009132639,
3.6347809e-18,0.0000000e+00,3.1188151e-01,-3.6347809e-18,0.0000000e+00,-3.1188151e-01,-1.15494397809,
-3.6062502e-18,0.0000000e+00,4.3013653e-01,3.6062502e-18,0.0000000e+00,-4.3013653e-01,-1.16007505563,
3.8244245e-18,0.0000000e+00,3.0878440e-01,-3.8244245e-18,0.0000000e+00,-3.0878440e-01,-1.15338445182,
2.8635301e-18,0.0000000e+00,3.2447699e-01,-2.8635301e-18,0.0000000e+00,-3.2447699e-01,-1.16017324251,
2.8654595e-18,0.0000000e+00,3.2444549e-01,-2.8654595e-18,0.0000000e+00,-3.2444549e-01,-1.16016224527,
2.5342252e-18,0.0000000e+00,3.2985497e-01,-2.5342252e-18,0.0000000e+00,-3.2985497e-01,-1.16190945625,
-4.6258852e-18,0.0000000e+00,4.4678843e-01,4.6258852e-18,0.0000000e+00,-4.4678843e-01,-1.15601585470,
-3.9689201e-18,0.0000000e+00,4.3605936e-01,3.9689201e-18,0.0000000e+00,-4.3605936e-01,-1.15870355141,
4.1397710e-18,0.0000000e+00,3.0363441e-01,-4.1397710e-18,0.0000000e+00,-3.0363441e-01,-1.15052924768,
-2.7616659e-18,0.0000000e+00,4.1634342e-01,2.7616659e-18,0.0000000e+00,-4.1634342e-01,-1.16291368630,
4.5231245e-18,0.0000000e+00,2.9737377e-01,-4.5231245e-18,0.0000000e+00,-2.9737377e-01,-1.14658828392,
-4.3945372e-18,0.0000000e+00,4.4301021e-01,4.3945372e-18,0.0000000e+00,-4.4301021e-01,-1.15699046502,
-5.0108190e-18,0.0000000e+00,4.5307487e-01,5.0108190e-18,0.0000000e+00,-4.5307487e-01,-1.15433159049,
5.0356543e-19,0.0000000e+00,3.6301813e-01,-5.0356543e-19,0.0000000e+00,-3.6301813e-01,-1.16732774926,
-2.2085516e-18,0.0000000e+00,4.0731037e-01,2.2085516e-18,0.0000000e+00,-4.0731037e-01,-1.16446628204,
-2.4044896e-18,0.0000000e+00,4.1051027e-01,2.4044896e-18,0.0000000e+00,-4.1051027e-01,-1.16394648820,
1.6051983e-18,0.0000000e+00,3.4502712e-01,-1.6051983e-18,0.0000000e+00,-3.4502712e-01,-1.16541988484,
4.5001405e-18,0.0000000e+00,2.9774910e-01,-4.5001405e-18,0.0000000e+00,-2.9774910e-01,-1.14683980803,
-3.5701136e-18,0.0000000e+00,4.2954636e-01,3.5701136e-18,0.0000000e+00,-4.2954636e-01,-1.16020699049,
4.0316262e-18,0.0000000e+00,3.0540055e-01,-4.0316262e-18,0.0000000e+00,-3.0540055e-01,-1.15154634046,
4.8235089e-18,0.0000000e+00,2.9246810e-01,-4.8235089e-18,0.0000000e+00,-2.9246810e-01,-1.14311265183,
8.8410181e-19,0.0000000e+00,3.5680351e-01,-8.8410181e-19,0.0000000e+00,-3.5680351e-01,-1.16691447915,
-3.3511289e-18,0.0000000e+00,4.2597008e-01,3.3511289e-18,0.0000000e+00,-4.2597008e-01,-1.16098730859,
3.6262461e-18,0.0000000e+00,3.1202090e-01,-3.6262461e-18,0.0000000e+00,-3.1202090e-01,-1.15501148602,
1.2194509e-18,0.0000000e+00,3.5132685e-01,-1.2194509e-18,0.0000000e+00,-3.5132685e-01,-1.16634112816,
3.0170699e-18,0.0000000e+00,3.2196951e-01,-3.0170699e-18,0.0000000e+00,-3.2196951e-01,-1.15926662362,
-3.6121410e-18,0.0000000e+00,4.3023273e-01,3.6121410e-18,0.0000000e+00,-4.3023273e-01,-1.16005346640,
-3.1769025e-18,0.0000000e+00,4.2312473e-01,3.1769025e-18,0.0000000e+00,-4.2312473e-01,-1.16158387670,
4.5301502e-18,0.0000000e+00,2.9725903e-01,-4.5301502e-18,0.0000000e+00,-2.9725903e-01,-1.14651099229,
-2.5351857e-18,0.0000000e+00,4.1264471e-01,2.5351857e-18,0.0000000e+00,-4.1264471e-01,-1.16358104631,
4.6053570e-18,0.0000000e+00,2.9603079e-01,-4.6053570e-18,0.0000000e+00,-2.9603079e-01,-1.14567180678,
-3.7969298e-18,0.0000000e+00,4.3325055e-01,3.7969298e-18,0.0000000e+00,-4.3325055e-01,-1.15936454105,
1.8697245e-18,0.0000000e+00,3.4070706e-01,-1.8697245e-18,0.0000000e+00,-3.4070706e-01,-1.16461474589,
4.3052960e-18,0.0000000e+00,3.0093116e-01,-4.3052960e-18,0.0000000e+00,-3.0093116e-01,-1.14889309525,
-2.6840507e-18,0.0000000e+00,4.1507587e-01,2.6840507e-18,0.0000000e+00,-4.1507587e-01,-1.16314716362,
4.2926939e-18,0.0000000e+00,3.0113697e-01,-4.2926939e-18,0.0000000e+00,-3.0113697e-01,-1.14902110465,
5.1095315e-18,0.0000000e+00,2.8779700e-01,-5.1095315e-18,0.0000000e+00,-2.8779700e-01,-1.13946338870,
-4.6181891e-18,0.0000000e+00,4.4666272e-01,4.6181891e-18,0.0000000e+00,-4.4666272e-01,-1.15604875050,
1.1875128e-18,0.0000000e+00,3.5184842e-01,-1.1875128e-18,0.0000000e+00,-3.5184842e-01,-1.16640458330,
-4.2409562e-18,0.0000000e+00,4.4050205e-01,4.2409562e-18,0.0000000e+00,-4.4050205e-01,-1.15762090834,
4.4794113e-18,0.0000000e+00,2.9808766e-01,-4.4794113e-18,0.0000000e+00,-2.9808766e-01,-1.14706497971,
4.6301005e-18,0.0000000e+00,2.9562670e-01,-4.6301005e-18,0.0000000e+00,-2.9562670e-01,-1.14539095424,
-2.2087600e-18,0.0000000e+00,4.0731376e-01,2.2087600e-18,0.0000000e+00,-4.0731376e-01,-1.16446574960,
-4.5103363e-18,0.0000000e+00,4.4490135e-01,4.5103363e-18,0.0000000e+00,-4.4490135e-01,-1.15650630583,
-3.2565791e-18,0.0000000e+00,4.2442596e-01,3.2565791e-18,0.0000000e+00,-4.2442596e-01,-1.16131378540,
-6.8030849e-19,0.0000000e+00,3.8235226e-01,6.8030849e-19,0.0000000e+00,-3.8235226e-01,-1.16719751134,
-2.2969561e-18,0.0000000e+00,4.0875411e-01,2.2969561e-18,0.0000000e+00,-4.0875411e-01,-1.16423600055,
-2.5499848e-18,0.0000000e+00,4.1288641e-01,2.5499848e-18,0.0000000e+00,-4.1288641e-01,-1.16353874291,
1.6531241e-18,0.0000000e+00,3.4424442e-01,-1.6531241e-18,0.0000000e+00,-3.4424442e-01,-1.16528479482,
3.8016059e-18,0.0000000e+00,3.0915704e-01,-3.8016059e-18,0.0000000e+00,-3.0915704e-01,-1.15357820153,
1.3957322e-18,0.0000000e+00,3.4844795e-01,-1.3957322e-18,0.0000000e+00,-3.4844795e-01,-1.16595612745,
-2.4626085e-18,0.0000000e+00,4.1145945e-01,2.4626085e-18,0.0000000e+00,-4.1145945e-01,-1.16378579350,
3.8606959e-18,0.0000000e+00,3.0819204e-01,-3.8606959e-18,0.0000000e+00,-3.0819204e-01,-1.15307296498,
4.6628874e-18,0.0000000e+00,2.9509127e-01,-4.6628874e-18,0.0000000e+00,-2.9509127e-01,-1.14501515061,
-4.6545515e-18,0.0000000e+00,4.4725657e-01,4.6545515e-18,0.0000000e+00,-4.4725657e-01,-1.15589307382,
2.8057807e-18,0.0000000e+00,3.2542011e-01,-2.8057807e-18,0.0000000e+00,-3.2542011e-01,-1.16049795131,
-4.7763514e-18,0.0000000e+00,4.4924572e-01,4.7763514e-18,0.0000000e+00,-4.4924572e-01,-1.15536654320,
-2.5075207e-18,0.0000000e+00,4.1219291e-01,2.5075207e-18,0.0000000e+00,-4.1219291e-01,-1.16365962336,
-3.6212524e-18,0.0000000e+00,4.3038154e-01,3.6212524e-18,0.0000000e+00,-4.3038154e-01,-1.16002002456,
2.5653830e-18,0.0000000e+00,3.2934612e-01,-2.5653830e-18,0.0000000e+00,-3.2934612e-01,-1.16175696428,
5.0826717e-18,0.0000000e+00,2.8823566e-01,-5.0826717e-18,0.0000000e+00,-2.8823566e-01,-1.13982078289,
-1.8319714e-18,0.0000000e+00,4.0116036e-01,1.8319714e-18,0.0000000e+00,-4.0116036e-01,-1.16536584520,
-3.0279509e-18,0.0000000e+00,4.2069218e-01,3.0279509e-18,0.0000000e+00,-4.2069218e-01,-1.16207615593,
-4.6115600e-18,0.0000000e+00,4.4655448e-01,4.6115600e-18,0.0000000e+00,-4.4655448e-01,-1.15607704935,
4.1930406e-18,0.0000000e+00,3.0276445e-01,-4.1930406e-18,0.0000000e+00,-3.0276445e-01,-1.15001330444,
3.5668293e-18,0.0000000e+00,3.1299123e-01,-3.5668293e-18,0.0000000e+00,-3.1299123e-01,-1.15547514515,
-2.9695060e-18,0.0000000e+00,4.1973770e-01,2.9695060e-18,0.0000000e+00,-4.1973770e-01,-1.16226472315,
-4.6595923e-18,0.0000000e+00,4.4733891e-01,4.6595923e-18,0.0000000e+00,-4.4733891e-01,-1.15587143302,
2.8215383e-18,0.0000000e+00,3.2516277e-01,-2.8215383e-18,0.0000000e+00,-3.2516277e-01,-1.16041022240,
3.2060288e-18,0.0000000e+00,3.1888357e-01,-3.2060288e-18,0.0000000e+00,-3.1888357e-01,-1.15806194467,
-3.9313057e-18,0.0000000e+00,4.3544507e-01,3.9313057e-18,0.0000000e+00,-4.3544507e-01,-1.15884970147,
2.7038617e-18,0.0000000e+00,3.2708457e-01,-2.7038617e-18,0.0000000e+00,-3.2708457e-01,-1.16104976303,
3.6943334e-18,0.0000000e+00,3.1090894e-01,-3.6943334e-18,0.0000000e+00,-3.1090894e-01,-1.15446658668,
-3.7309266e-18,0.0000000e+00,4.3217266e-01,3.7309266e-18,0.0000000e+00,-4.3217266e-01,-1.15961317975,
-2.6729308e-18,0.0000000e+00,4.1489425e-01,2.6729308e-18,0.0000000e+00,-4.1489425e-01,-1.16318021366,
4.6917701e-18,0.0000000e+00,2.9461956e-01,-4.6917701e-18,0.0000000e+00,-2.9461956e-01,-1.14468058560,
2.5856402e-18,0.0000000e+00,3.2901528e-01,-2.5856402e-18,0.0000000e+00,-3.2901528e-01,-1.16165652292,
4.8627090e-18,0.0000000e+00,2.9182792e-01,-4.8627090e-18,0.0000000e+00,-2.9182792e-01,-1.14263261014,
-1.0014959e-18,0.0000000e+00,3.8759765e-01,1.0014959e-18,0.0000000e+00,-3.8759765e-01,-1.16683824899,
4.8224386e-18,0.0000000e+00,2.9248559e-01,-4.8224386e-18,0.0000000e+00,-2.9248559e-01,-1.14312567909,
-3.3967595e-18,0.0000000e+00,4.2671528e-01,3.3967595e-18,0.0000000e+00,-4.2671528e-01,-1.16082746822,
1.7781474e-18,0.0000000e+00,3.4220263e-01,-1.7781474e-18,0.0000000e+00,-3.4220263e-01,-1.16491007578,
-2.8784523e-18,0.0000000e+00,4.1825068e-01,2.8784523e-18,0.0000000e+00,-4.1825068e-01,-1.16255322865,
1.6628491e-18,0.0000000e+00,3.4408560e-01,-1.6628491e-18,0.0000000e+00,-3.4408560e-01,-1.16525680933,
-2.0634329e-18,0.0000000e+00,4.0494040e-01,2.0634329e-18,0.0000000e+00,-4.0494040e-01,-1.16482881025,
-2.6963400e-18,0.0000000e+00,4.1527656e-01,2.6963400e-18,0.0000000e+00,-4.1527656e-01,-1.16311052513,
-4.1514586e-18,0.0000000e+00,4.3904045e-01,4.1514586e-18,0.0000000e+00,-4.3904045e-01,-1.15798198033,
4.6179008e-18,0.0000000e+00,2.9582596e-01,-4.6179008e-18,0.0000000e+00,-2.9582596e-01,-1.14552974137,
-4.5439420e-19,0.0000000e+00,3.7866279e-01,4.5439420e-19,0.0000000e+00,-3.7866279e-01,-1.16737291307,
-4.4909629e-18,0.0000000e+00,4.4458497e-01,4.4909629e-18,0.0000000e+00,-4.4458497e-01,-1.15658782125,
3.7536919e-18,0.0000000e+00,3.0993956e-01,-3.7536919e-18,0.0000000e+00,-3.0993956e-01,-1.15397957704,
-4.4378782e-18,0.0000000e+00,4.4371802e-01,4.4378782e-18,0.0000000e+00,-4.4371802e-01,-1.15681012901,
2.3304203e-18,0.0000000e+00,3.3318335e-01,-2.3304203e-18,0.0000000e+00,-3.3318335e-01,-1.16284841252,
-4.1728875e-18,0.0000000e+00,4.3939042e-01,4.1728875e-18,0.0000000e+00,-4.3939042e-01,-1.15789595440,
-3.0032535e-18,0.0000000e+00,4.2028883e-01,3.0032535e-18,0.0000000e+00,-4.2028883e-01,-1.16215616161,
-2.9372563e-18,0.0000000e+00,4.1921103e-01,2.9372563e-18,0.0000000e+00,-4.1921103e-01,-1.16236764457,
-1.6193040e-18,0.0000000e+00,3.9768723e-01,1.6193040e-18,0.0000000e+00,-3.9768723e-01,-1.16581273313,
-5.0804552e-18,0.0000000e+00,4.5421213e-01,5.0804552e-18,0.0000000e+00,-4.5421213e-01,-1.15401896576,
3.7641739e-18,0.0000000e+00,3.0976838e-01,-3.7641739e-18,0.0000000e+00,-3.0976838e-01,-1.15389240664,
-4.2095279e-18,0.0000000e+00,4.3998879e-01,4.2095279e-18,0.0000000e+00,-4.3998879e-01,-1.15774824034,
4.1068583e-18,0.0000000e+00,3.0417192e-01,-4.1068583e-18,0.0000000e+00,-3.0417192e-01,-1.15084306871,
3.6399405e-18,0.0000000e+00,3.1179726e-01,-3.6399405e-18,0.0000000e+00,-3.1179726e-01,-1.15490306452,
-5.0528022e-18,0.0000000e+00,4.5376050e-01,5.0528022e-18,0.0000000e+00,-4.5376050e-01,-1.15414339700,
4.9853369e-18,0.0000000e+00,2.8982526e-01,-4.9853369e-18,0.0000000e+00,-2.8982526e-01,-1.14109007219,
9.8519393e-19,0.0000000e+00,3.5515255e-01,-9.8519393e-19,0.0000000e+00,-3.5515255e-01,-1.16676296988,
3.8091320e-18,0.0000000e+00,3.0903414e-01,-3.8091320e-18,0.0000000e+00,-3.0903414e-01,-1.15351448818,
-3.3796226e-18,0.0000000e+00,4.2643541e-01,3.3796226e-18,0.0000000e+00,-4.2643541e-01,-1.16088767101,
4.1363307e-18,0.0000000e+00,3.0369058e-01,-4.1363307e-18,0.0000000e+00,-3.0369058e-01,-1.15056221855,
3.1539971e-18,0.0000000e+00,3.1973332e-01,-3.1539971e-18,0.0000000e+00,-3.1973332e-01,-1.15840365871,
-3.6145535e-18,0.0000000e+00,4.3027213e-01,3.6145535e-18,0.0000000e+00,-4.3027213e-01,-1.16004461751,
-4.1366508e-18,0.0000000e+00,4.3879861e-01,4.1366508e-18,0.0000000e+00,-4.3879861e-01,-1.15804126736,
4.4102905e-18,0.0000000e+00,2.9921648e-01,-4.4102905e-18,0.0000000e+00,-2.9921648e-01,-1.14780411057,
4.1690974e-18,0.0000000e+00,3.0315545e-01,-4.1690974e-18,0.0000000e+00,-3.0315545e-01,-1.15024642581,
-5.0221824e-18,0.0000000e+00,4.5326045e-01,5.0221824e-18,0.0000000e+00,-4.5326045e-01,-1.15428073671,
-4.3837214e-18,0.0000000e+00,4.4283360e-01,4.3837214e-18,0.0000000e+00,-4.4283360e-01,-1.15703529728,
-3.2329903e-18,0.0000000e+00,4.2404073e-01,3.2329903e-18,0.0000000e+00,-4.2404073e-01,-1.16139422971,
-3.4613828e-18,0.0000000e+00,4.2777064e-01,3.4613828e-18,0.0000000e+00,-4.2777064e-01,-1.16059859775,
-3.7144223e-18,0.0000000e+00,4.3190312e-01,3.7144223e-18,0.0000000e+00,-4.3190312e-01,-1.15967491169,
-2.7206148e-18,0.0000000e+00,4.1567299e-01,2.7206148e-18,0.0000000e+00,-4.1567299e-01,-1.16303778840,
-3.2907652e-18,0.0000000e+00,4.2498425e-01,3.2907652e-18,0.0000000e+00,-4.2498425e-01,-1.16119648649,
4.5587793e-18,0.0000000e+00,2.9679146e-01,-4.5587793e-18,0.0000000e+00,-2.9679146e-01,-1.14619408257,
-4.4088714e-18,0.0000000e+00,4.4324431e-01,4.4088714e-18,0.0000000e+00,-4.4324431e-01,-1.15693093752,
4.5120907e-18,0.0000000e+00,2.9755396e-01,-4.5120907e-18,0.0000000e+00,-2.9755396e-01,-1.14670928623,
4.7349282e-18,0.0000000e+00,2.9391474e-01,-4.7349282e-18,0.0000000e+00,-2.9391474e-01,-1.14417455552,
-5.1081248e-18,0.0000000e+00,4.5466399e-01,5.1081248e-18,0.0000000e+00,-4.5466399e-01,-1.15389410302,
-3.4263374e-18,0.0000000e+00,4.2719832e-01,3.4263374e-18,0.0000000e+00,-4.2719832e-01,-1.16072307595,
-3.7051558e-18,0.0000000e+00,4.3175176e-01,3.7051558e-18,0.0000000e+00,-4.3175176e-01,-1.15970949893,
1.4567793e-18,0.0000000e+00,3.4745097e-01,-1.4567793e-18,0.0000000e+00,-3.4745097e-01,-1.16580882256,
3.4738790e-18,0.0000000e+00,3.1450924e-01,-3.4738790e-18,0.0000000e+00,-3.1450924e-01,-1.15617872492,
-4.0366935e-18,0.0000000e+00,4.3716618e-01,4.0366935e-18,0.0000000e+00,-4.3716618e-01,-1.15843801185,
-3.5622827e-18,0.0000000e+00,4.2941847e-01,3.5622827e-18,0.0000000e+00,-4.2941847e-01,-1.16023546448,
-4.4950516e-18,0.0000000e+00,4.4465175e-01,4.4950516e-18,0.0000000e+00,-4.4465175e-01,-1.15657063254,
3.9984583e-18,0.0000000e+00,3.0594221e-01,-3.9984583e-18,0.0000000e+00,-3.0594221e-01,-1.15185024105,
-4.5824776e-18,0.0000000e+00,4.4607952e-01,4.5824776e-18,0.0000000e+00,-4.4607952e-01,-1.15620094667,
4.7544600e-18,0.0000000e+00,2.9359576e-01,-4.7544600e-18,0.0000000e+00,-2.9359576e-01,-1.14394311157,
2.0876395e-18,0.0000000e+00,3.3714825e-01,-2.0876395e-18,0.0000000e+00,-3.3714825e-01,-1.16383887722,
2.2093581e-18,0.0000000e+00,3.3516043e-01,-2.2093581e-18,0.0000000e+00,-3.3516043e-01,-1.16335931112,
-4.1888774e-18,0.0000000e+00,4.3965155e-01,4.1888774e-18,0.0000000e+00,-4.3965155e-01,-1.15783158901,
-4.0187333e-18,0.0000000e+00,4.3687290e-01,4.0187333e-18,0.0000000e+00,-4.3687290e-01,-1.15850864806,
3.0460285e-18,0.0000000e+00,3.2149658e-01,-3.0460285e-18,0.0000000e+00,-3.2149658e-01,-1.15908845083,
3.2970499e-18,0.0000000e+00,3.1739709e-01,-3.2970499e-18,0.0000000e+00,-3.1739709e-01,-1.15744555117,
-1.2755807e-18,0.0000000e+00,3.9207381e-01,1.2755807e-18,0.0000000e+00,-3.9207381e-01,-1.16643535014,
4.4602108e-18,0.0000000e+00,2.9840121e-01,-4.4602108e-18,0.0000000e+00,-2.9840121e-01,-1.14727207646,
4.8232831e-18,0.0000000e+00,2.9247180e-01,-4.8232831e-18,0.0000000e+00,-2.9247180e-01,-1.14311540813,
3.7092822e-18,0.0000000e+00,3.1066480e-01,-3.7092822e-18,0.0000000e+00,-3.1066480e-01,-1.15434499005,
1.7641852e-18,0.0000000e+00,3.4243065e-01,-1.7641852e-18,0.0000000e+00,-3.4243065e-01,-1.16495354143,
-4.3193055e-18,0.0000000e+00,4.4178158e-01,4.3193055e-18,0.0000000e+00,-4.4178158e-01,-1.15730097810,
-3.0780207e-18,0.0000000e+00,4.2150989e-01,3.0780207e-18,0.0000000e+00,-4.2150989e-01,-1.16191253563,
3.1482811e-18,0.0000000e+00,3.1982666e-01,-3.1482811e-18,0.0000000e+00,-3.1982666e-01,-1.15844072677,
-2.2333517e-18,0.0000000e+00,4.0771538e-01,2.2333517e-18,0.0000000e+00,-4.0771538e-01,-1.16440239382,
-2.3604833e-18,0.0000000e+00,4.0979159e-01,2.3604833e-18,0.0000000e+00,-4.0979159e-01,-1.16406619997,
-3.6728010e-18,0.0000000e+00,4.3122339e-01,3.6728010e-18,0.0000000e+00,-4.3122339e-01,-1.15982979337,
-2.3015939e-18,0.0000000e+00,4.0882987e-01,2.3015939e-18,0.0000000e+00,-4.0882987e-01,-1.16422372261,
-2.3413300e-18,0.0000000e+00,4.0947881e-01,2.3413300e-18,0.0000000e+00,-4.0947881e-01,-1.16411776824,
4.4601256e-18,0.0000000e+00,2.9840261e-01,-4.4601256e-18,0.0000000e+00,-2.9840261e-01,-1.14727299805,
3.3206793e-18,0.0000000e+00,3.1701118e-01,-3.3206793e-18,0.0000000e+00,-3.1701118e-01,-1.15728160488,
-3.8236862e-18,0.0000000e+00,4.3368751e-01,3.8236862e-18,0.0000000e+00,-4.3368751e-01,-1.15926294533,
-2.7068966e-18,0.0000000e+00,4.1544896e-01,2.7068966e-18,0.0000000e+00,-4.1544896e-01,-1.16307895249,
-4.5614887e-18,0.0000000e+00,4.4573677e-01,4.5614887e-18,0.0000000e+00,-4.4573677e-01,-1.15629007259,
3.2210585e-18,0.0000000e+00,3.1863812e-01,-3.2210585e-18,0.0000000e+00,-3.1863812e-01,-1.15796180655,
-3.9033098e-18,0.0000000e+00,4.3498787e-01,3.9033098e-18,0.0000000e+00,-4.3498787e-01,-1.15895790360,
-3.4993433e-18,0.0000000e+00,4.2839059e-01,3.4993433e-18,0.0000000e+00,-4.2839059e-01,-1.16046279921,
-3.4788872e-18,0.0000000e+00,4.2805654e-01,3.4788872e-18,0.0000000e+00,-4.2805654e-01,-1.16053609573,
-4.6715178e-18,0.0000000e+00,4.4753367e-01,4.6715178e-18,0.0000000e+00,-4.4753367e-01,-1.15582019211,
-4.2774039e-18,0.0000000e+00,4.4109729e-01,4.2774039e-18,0.0000000e+00,-4.4109729e-01,-1.15747251747,
-4.4056371e-18,0.0000000e+00,4.4319150e-01,4.4056371e-18,0.0000000e+00,-4.4319150e-01,-1.15694437626,
-4.6676995e-18,0.0000000e+00,4.4747132e-01,4.6676995e-18,0.0000000e+00,-4.4747132e-01,-1.15583660444,
-1.7069167e-18,0.0000000e+00,3.9911807e-01,1.7069167e-18,0.0000000e+00,-3.9911807e-01,-1.16563416348,
1.3797373e-18,0.0000000e+00,3.4870917e-01,-1.3797373e-18,0.0000000e+00,-3.4870917e-01,-1.16599352085,
-3.8094976e-18,0.0000000e+00,4.3345580e-01,3.8094976e-18,0.0000000e+00,-4.3345580e-01,-1.15931687649,
-2.5723791e-18,0.0000000e+00,4.1325212e-01,2.5723791e-18,0.0000000e+00,-4.1325212e-01,-1.16347438261,
2.4465145e-18,0.0000000e+00,3.3128738e-01,-2.4465145e-18,0.0000000e+00,-3.3128738e-01,-1.16232588124,
2.8328229e-18,0.0000000e+00,3.2497847e-01,-2.8328229e-18,0.0000000e+00,-3.2497847e-01,-1.16034699236,
4.0395291e-18,0.0000000e+00,3.0527148e-01,-4.0395291e-18,0.0000000e+00,-3.0527148e-01,-1.15147337292,
-4.8953417e-18,0.0000000e+00,4.5118898e-01,4.8953417e-18,0.0000000e+00,-4.5118898e-01,-1.15484476456,
2.7775840e-18,0.0000000e+00,3.2588059e-01,-2.7775840e-18,0.0000000e+00,-3.2588059e-01,-1.16065331012,
-3.7563380e-18,0.0000000e+00,4.3258765e-01,3.7563380e-18,0.0000000e+00,-4.3258765e-01,-1.15951778805,
3.2029329e-18,0.0000000e+00,3.1893411e-01,-3.2029329e-18,0.0000000e+00,-3.1893411e-01,-1.15808248377,
-4.5077799e-18,0.0000000e+00,4.4485962e-01,4.5077799e-18,0.0000000e+00,-4.4485962e-01,-1.15651706939,
-3.4470955e-18,0.0000000e+00,4.2753732e-01,3.4470955e-18,0.0000000e+00,-4.2753732e-01,-1.16064944751,
2.4423238e-18,0.0000000e+00,3.3135581e-01,-2.4423238e-18,0.0000000e+00,-3.3135581e-01,-1.16234530487,
-4.4344028e-18,0.0000000e+00,4.4366127e-01,4.4344028e-18,0.0000000e+00,-4.4366127e-01,-1.15682462655,
-2.0871868e-18,0.0000000e+00,4.0532833e-01,2.0871868e-18,0.0000000e+00,-4.0532833e-01,-1.16477080717,
-3.1125086e-18,0.0000000e+00,4.2207310e-01,3.1125086e-18,0.0000000e+00,-4.2207310e-01,-1.16179873842,
4.9819053e-18,0.0000000e+00,2.8988129e-01,-4.9819053e-18,0.0000000e+00,-2.8988129e-01,-1.14113408038,
4.0499764e-18,0.0000000e+00,3.0510086e-01,-4.0499764e-18,0.0000000e+00,-3.0510086e-01,-1.15137658835,
5.0981974e-18,0.0000000e+00,2.8798211e-01,-5.0981974e-18,0.0000000e+00,-2.8798211e-01,-1.13961458443,
4.7142566e-18,0.0000000e+00,2.9425234e-01,-4.7142566e-18,0.0000000e+00,-2.9425234e-01,-1.14441785746,
4.2094047e-18,0.0000000e+00,3.0249721e-01,-4.2094047e-18,0.0000000e+00,-3.0249721e-01,-1.14985280723,
4.2462643e-18,0.0000000e+00,3.0189523e-01,-4.2462643e-18,0.0000000e+00,-3.0189523e-01,-1.14948779275,
-3.7457939e-18,0.0000000e+00,4.3241546e-01,3.7457939e-18,0.0000000e+00,-4.3241546e-01,-1.15955741958,
-1.0010944e-18,0.0000000e+00,3.8759109e-01,1.0010944e-18,0.0000000e+00,-3.8759109e-01,-1.16683877583,
4.3870785e-18,0.0000000e+00,2.9959556e-01,-4.3870785e-18,0.0000000e+00,-2.9959556e-01,-1.14804834413,
4.3459399e-18,0.0000000e+00,3.0026740e-01,-4.3459399e-18,0.0000000e+00,-3.0026740e-01,-1.14847632725,
-4.9433711e-18,0.0000000e+00,4.5197338e-01,4.9433711e-18,0.0000000e+00,-4.5197338e-01,-1.15463212270,
-4.2739955e-18,0.0000000e+00,4.4104162e-01,4.2739955e-18,0.0000000e+00,-4.4104162e-01,-1.15748642843,
4.6806296e-18,0.0000000e+00,2.9480150e-01,-4.6806296e-18,0.0000000e+00,-2.9480150e-01,-1.14481001650,
-4.2046728e-18,0.0000000e+00,4.3990952e-01,4.2046728e-18,0.0000000e+00,-4.3990952e-01,-1.15776785443,
-3.9348097e-18,0.0000000e+00,4.3550229e-01,3.9348097e-18,0.0000000e+00,-4.3550229e-01,-1.15883612509,
-4.9560547e-18,0.0000000e+00,4.5218050e-01,4.9560547e-18,0.0000000e+00,-4.5218050e-01,-1.15457578314,
-3.6811928e-18,0.0000000e+00,4.3136042e-01,3.6811928e-18,0.0000000e+00,-4.3136042e-01,-1.15979866198,
3.8944118e-18,0.0000000e+00,3.0764142e-01,-3.8944118e-18,0.0000000e+00,-3.0764142e-01,-1.15277955147,
-4.2353744e-18,0.0000000e+00,4.4041091e-01,4.2353744e-18,0.0000000e+00,-4.4041091e-01,-1.15764356095,
-4.9574895e-18,0.0000000e+00,4.5220393e-01,4.9574895e-18,0.0000000e+00,-4.5220393e-01,-1.15456940484,
5.0365886e-18,0.0000000e+00,2.8898826e-01,-5.0365886e-18,0.0000000e+00,-2.8898826e-01,-1.14042674899,
4.5888597e-18,0.0000000e+00,2.9630023e-01,-4.5888597e-18,0.0000000e+00,-2.9630023e-01,-1.14585775869,
3.1987728e-18,0.0000000e+00,3.1900206e-01,-3.1987728e-18,0.0000000e+00,-3.1900206e-01,-1.15811005514,
-2.2166664e-18,0.0000000e+00,4.0744290e-01,2.2166664e-18,0.0000000e+00,-4.0744290e-01,-1.16444543761,
-4.0083055e-18,0.0000000e+00,4.3670258e-01,4.0083055e-18,0.0000000e+00,-4.3670258e-01,-1.15854957880,
1.3213742e-18,0.0000000e+00,3.4966230e-01,-1.3213742e-18,0.0000000e+00,-3.4966230e-01,-1.16612576694,
-4.2109077e-18,0.0000000e+00,4.4001132e-01,4.2109077e-18,0.0000000e+00,-4.4001132e-01,-1.15774266313,
-4.5164707e-18,0.0000000e+00,4.4500154e-01,4.5164707e-18,0.0000000e+00,-4.4500154e-01,-1.15648044889,
-3.0923684e-18,0.0000000e+00,4.2174420e-01,3.0923684e-18,0.0000000e+00,-4.2174420e-01,-1.16186530164,
-8.5370814e-19,0.0000000e+00,3.8518411e-01,8.5370814e-19,0.0000000e+00,-3.8518411e-01,-1.16701913529,
-4.2440474e-18,0.0000000e+00,4.4055253e-01,4.2440474e-18,0.0000000e+00,-4.4055253e-01,-1.15760835385,
-3.5626388e-18,0.0000000e+00,4.2942429e-01,3.5626388e-18,0.0000000e+00,-4.2942429e-01,-1.16023416959,
-4.7181493e-18,0.0000000e+00,4.4829521e-01,4.7181493e-18,0.0000000e+00,-4.4829521e-01,-1.15561911285,
-4.9261782e-18,0.0000000e+00,4.5169258e-01,4.9261782e-18,0.0000000e+00,-4.5169258e-01,-1.15470837667,
-3.2785773e-18,0.0000000e+00,4.2478523e-01,3.2785773e-18,0.0000000e+00,-4.2478523e-01,-1.16123839822,
-4.6523533e-18,0.0000000e+00,4.4722068e-01,4.6523533e-18,0.0000000e+00,-4.4722068e-01,-1.15590250230,
2.1974990e-18,0.0000000e+00,3.3535412e-01,-2.1974990e-18,0.0000000e+00,-3.3535412e-01,-1.16340752905,
-4.1198979e-18,0.0000000e+00,4.3852502e-01,4.1198979e-18,0.0000000e+00,-4.3852502e-01,-1.15810818008,
-1.9972936e-18,0.0000000e+00,4.0386027e-01,1.9972936e-18,0.0000000e+00,-4.0386027e-01,-1.16498751035,
-3.1896992e-18,0.0000000e+00,4.2333373e-01,3.1896992e-18,0.0000000e+00,-4.2333373e-01,-1.16154080921,
-4.5655237e-18,0.0000000e+00,4.4580263e-01,4.5655237e-18,0.0000000e+00,-4.4580263e-01,-1.15627296539,
-2.3850380e-18,0.0000000e+00,4.1019261e-01,2.3850380e-18,0.0000000e+00,-4.1019261e-01,-1.16399961080,
3.6689848e-18,0.0000000e+00,3.1132293e-01,-3.6689848e-18,0.0000000e+00,-3.1132293e-01,-1.15467116148,
-4.1150730e-18,0.0000000e+00,4.3844622e-01,4.1150730e-18,0.0000000e+00,-4.3844622e-01,-1.15812742127,
-4.7888306e-18,0.0000000e+00,4.4944954e-01,4.7888306e-18,0.0000000e+00,-4.4944954e-01,-1.15531215570,
3.8326487e-18,0.0000000e+00,3.0865008e-01,-3.8326487e-18,0.0000000e+00,-3.0865008e-01,-1.15331419808,
-3.9000532e-18,0.0000000e+00,4.3493468e-01,3.9000532e-18,0.0000000e+00,-4.3493468e-01,-1.15897045974,
-1.1479781e-18,0.0000000e+00,3.8998988e-01,1.1479781e-18,0.0000000e+00,-3.8998988e-01,-1.16663359984,
-3.4417114e-18,0.0000000e+00,4.2744941e-01,3.4417114e-18,0.0000000e+00,-4.2744941e-01,-1.16066856980,
3.1521957e-18,0.0000000e+00,3.1976274e-01,-3.1521957e-18,0.0000000e+00,-3.1976274e-01,-1.15841535220,
4.7335812e-18,0.0000000e+00,2.9393673e-01,-4.7335812e-18,0.0000000e+00,-2.9393673e-01,-1.14419045495,
3.1718646e-18,0.0000000e+00,3.1944150e-01,-3.1718646e-18,0.0000000e+00,-3.1944150e-01,-1.15828717330,
-2.3037152e-18,0.0000000e+00,4.0886450e-01,2.3037152e-18,0.0000000e+00,-4.0886450e-01,-1.16421810395,
1.4325351e-18,0.0000000e+00,3.4784693e-01,-1.4325351e-18,0.0000000e+00,-3.4784693e-01,-1.16586819975,
2.5714574e-19,0.0000000e+00,3.6704248e-01,-2.5714574e-19,0.0000000e+00,-3.6704248e-01,-1.16746952233,
-4.0226244e-18,0.0000000e+00,4.3693644e-01,4.0226244e-18,0.0000000e+00,-4.3693644e-01,-1.15849336126,
3.9435232e-18,0.0000000e+00,3.0683938e-01,-3.9435232e-18,0.0000000e+00,-3.0683938e-01,-1.15234542369,
2.6377154e-18,0.0000000e+00,3.2816482e-01,-2.6377154e-18,0.0000000e+00,-3.2816482e-01,-1.16139360860,
-2.7641022e-18,0.0000000e+00,4.1638321e-01,2.7641022e-18,0.0000000e+00,-4.1638321e-01,-1.16290627791,
-1.5095896e-18,0.0000000e+00,3.9589545e-01,1.5095896e-18,0.0000000e+00,-3.9589545e-01,-1.16602515536,
3.2950037e-18,0.0000000e+00,3.1743050e-01,-3.2950037e-18,0.0000000e+00,-3.1743050e-01,-1.15745966822,
5.0372764e-18,0.0000000e+00,2.8897703e-01,-5.0372764e-18,0.0000000e+00,-2.8897703e-01,-1.14041777358,
3.6826176e-18,0.0000000e+00,3.1110027e-01,-3.6826176e-18,0.0000000e+00,-3.1110027e-01,-1.15456138558,
-2.4255334e-18,0.0000000e+00,4.1085395e-01,2.4255334e-18,0.0000000e+00,-4.1085395e-01,-1.16388864234,
-3.3720888e-18,0.0000000e+00,4.2631239e-01,3.3720888e-18,0.0000000e+00,-4.2631239e-01,-1.16091406825,
-3.9272559e-18,0.0000000e+00,4.3537894e-01,3.9272559e-18,0.0000000e+00,-4.3537894e-01,-1.15886538234,
4.6714843e-18,0.0000000e+00,2.9495084e-01,-4.6714843e-18,0.0000000e+00,-2.9495084e-01,-1.14491589151,
2.2981050e-18,0.0000000e+00,3.3371109e-01,-2.2981050e-18,0.0000000e+00,-3.3371109e-01,-1.16298814556,
-3.4742698e-18,0.0000000e+00,4.2798111e-01,3.4742698e-18,0.0000000e+00,-4.2798111e-01,-1.16055260646,
-3.9878253e-18,0.0000000e+00,4.3636811e-01,3.9878253e-18,0.0000000e+00,-4.3636811e-01,-1.15862976296,
4.0822745e-18,0.0000000e+00,3.0457339e-01,-4.0822745e-18,0.0000000e+00,-3.0457339e-01,-1.15107501329,
1.3036369e-18,0.0000000e+00,3.4995198e-01,-1.3036369e-18,0.0000000e+00,-3.4995198e-01,-1.16616466380,
-1.7414181e-18,0.0000000e+00,3.9968151e-01,1.7414181e-18,0.0000000e+00,-3.9968151e-01,-1.16556170321,
-2.1532938e-18,0.0000000e+00,4.0640795e-01,2.1532938e-18,0.0000000e+00,-4.0640795e-01,-1.16460661592,
-1.0405791e-18,0.0000000e+00,3.8823593e-01,1.0405791e-18,0.0000000e+00,-3.8823593e-01,-1.16678608292,
1.7232743e-18,0.0000000e+00,3.4309879e-01,-1.7232743e-18,0.0000000e+00,-3.4309879e-01,-1.16507854919,
4.3512844e-18,0.0000000e+00,3.0018014e-01,-4.3512844e-18,0.0000000e+00,-3.0018014e-01,-1.14842109022,
-3.9715464e-18,0.0000000e+00,4.3610227e-01,3.9715464e-18,0.0000000e+00,-4.3610227e-01,-1.15869330954,
4.3521802e-18,0.0000000e+00,3.0016550e-01,-4.3521802e-18,0.0000000e+00,-3.0016550e-01,-1.14841181263,
-6.4994300e-19,0.0000000e+00,3.8185635e-01,6.4994300e-19,0.0000000e+00,-3.8185635e-01,-1.16722489269,
2.2744632e-18,0.0000000e+00,3.3409718e-01,-2.2744632e-18,0.0000000e+00,-3.3409718e-01,-1.16308881631,
9.1002906e-19,0.0000000e+00,3.5638008e-01,-9.1002906e-19,0.0000000e+00,-3.5638008e-01,-1.16687733841,
-2.7098284e-18,0.0000000e+00,4.1549683e-01,2.7098284e-18,0.0000000e+00,-4.1549683e-01,-1.16307016959,
-5.1075590e-18,0.0000000e+00,4.5465475e-01,5.1075590e-18,0.0000000e+00,-4.5465475e-01,-1.15389665998,
-2.7533950e-18,0.0000000e+00,4.1620833e-01,2.7533950e-18,0.0000000e+00,-4.1620833e-01,-1.16293880253,
2.8728518e-18,0.0000000e+00,3.2432476e-01,-2.8728518e-18,0.0000000e+00,-3.2432476e-01,-1.16012000473,
2.0007100e-18,0.0000000e+00,3.3856791e-01,-2.0007100e-18,0.0000000e+00,-3.3856791e-01,-1.16416091968,
-4.8694741e-18,0.0000000e+00,4.5076653e-01,4.8694741e-18,0.0000000e+00,-4.5076653e-01,-1.15495880682,
-1.5628105e-18,0.0000000e+00,3.9676461e-01,1.5628105e-18,0.0000000e+00,-3.9676461e-01,-1.16592368351,
7.7676716e-19,0.0000000e+00,3.5855642e-01,-7.7676716e-19,0.0000000e+00,-3.5855642e-01,-1.16705580935,
-1.7304442e-18,0.0000000e+00,3.9950228e-01,1.7304442e-18,0.0000000e+00,-3.9950228e-01,-1.16558488307,
-3.5267615e-18,0.0000000e+00,4.2883837e-01,3.5267615e-18,0.0000000e+00,-4.2883837e-01,-1.16036409709,
-3.0309798e-18,0.0000000e+00,4.2074165e-01,3.0309798e-18,0.0000000e+00,-4.2074165e-01,-1.16206631133,
-3.3447890e-18,0.0000000e+00,4.2586654e-01,3.3447890e-18,0.0000000e+00,-4.2586654e-01,-1.16100940048,
-4.9535988e-18,0.0000000e+00,4.5214039e-01,4.9535988e-18,0.0000000e+00,-4.5214039e-01,-1.15458669985,
-1.6266562e-18,0.0000000e+00,3.9780730e-01,1.6266562e-18,0.0000000e+00,-3.9780730e-01,-1.16579805088,
-4.3534830e-18,0.0000000e+00,4.4233975e-01,4.3534830e-18,0.0000000e+00,-4.4233975e-01,-1.15716030968,
3.1235126e-18,0.0000000e+00,3.2023114e-01,-3.1235126e-18,0.0000000e+00,-3.2023114e-01,-1.15860029530,
-3.0451633e-18,0.0000000e+00,4.2097327e-01,3.0451633e-18,0.0000000e+00,-4.2097327e-01,-1.16202012565,
-2.3316821e-18,0.0000000e+00,4.0932125e-01,2.3316821e-18,0.0000000e+00,-4.0932125e-01,-1.16414362242,
4.4178190e-18,0.0000000e+00,2.9909354e-01,-4.4178190e-18,0.0000000e+00,-2.9909354e-01,-1.14772447490,
-4.3987165e-18,0.0000000e+00,4.4307849e-01,4.3987165e-18,0.0000000e+00,-4.4307849e-01,-1.15697311456,
2.5013313e-18,0.0000000e+00,3.3039215e-01,-2.5013313e-18,0.0000000e+00,-3.3039215e-01,-1.16206783364,
-3.6956370e-18,0.0000000e+00,4.3159631e-01,3.6956370e-18,0.0000000e+00,-4.3159631e-01,-1.15974496201,
-2.4647567e-18,0.0000000e+00,4.1149452e-01,2.4647567e-18,0.0000000e+00,-4.1149452e-01,-1.16377980019,
1.7657314e-18,0.0000000e+00,3.4240541e-01,-1.7657314e-18,0.0000000e+00,-3.4240541e-01,-1.16494875031,
-3.1573182e-18,0.0000000e+00,4.2280489e-01,3.1573182e-18,0.0000000e+00,-4.2280489e-01,-1.16164955014,
-3.3743795e-18,0.0000000e+00,4.2634979e-01,3.3743795e-18,0.0000000e+00,-4.2634979e-01,-1.16090604732,
-3.9057856e-18,0.0000000e+00,4.3502831e-01,3.9057856e-18,0.0000000e+00,-4.3502831e-01,-1.15894835279,
2.0047704e-18,0.0000000e+00,3.3850160e-01,-2.0047704e-18,0.0000000e+00,-3.3850160e-01,-1.16414625161,
2.5909433e-18,0.0000000e+00,3.2892868e-01,-2.5909433e-18,0.0000000e+00,-3.2892868e-01,-1.16163006235,
-4.0335304e-18,0.0000000e+00,4.3711454e-01,4.0335304e-18,0.0000000e+00,-4.3711454e-01,-1.15845046360,
2.9558689e-18,0.0000000e+00,3.2296899e-01,-2.9558689e-18,0.0000000e+00,-3.2296899e-01,-1.15963562716,
-5.0808903e-18,0.0000000e+00,4.5421922e-01,5.0808903e-18,0.0000000e+00,-4.5421922e-01,-1.15401700941,
-3.6131816e-18,0.0000000e+00,4.3024972e-01,3.6131816e-18,0.0000000e+00,-4.3024972e-01,-1.16004965108,
-4.9470843e-18,0.0000000e+00,4.5203400e-01,4.9470843e-18,0.0000000e+00,-4.5203400e-01,-1.15461564146,
-3.0393536e-18,0.0000000e+00,4.2087841e-01,3.0393536e-18,0.0000000e+00,-4.2087841e-01,-1.16203905951,
-1.0455629e-18,0.0000000e+00,3.8831732e-01,1.0455629e-18,0.0000000e+00,-3.8831732e-01,-1.16677930255,
-2.3345583e-18,0.0000000e+00,4.0936822e-01,2.3345583e-18,0.0000000e+00,-4.0936822e-01,-1.16413592369,
-2.7199748e-18,0.0000000e+00,4.1566256e-01,2.7199748e-18,0.0000000e+00,-4.1566256e-01,-1.16303970826,
4.7005874e-18,0.0000000e+00,2.9447556e-01,-4.7005874e-18,0.0000000e+00,-2.9447556e-01,-1.14457779846,
-2.5484740e-18,0.0000000e+00,4.1286173e-01,2.5484740e-18,0.0000000e+00,-4.1286173e-01,-1.16354307102,
4.6416508e-18,0.0000000e+00,2.9543808e-01,-4.6416508e-18,0.0000000e+00,-2.9543808e-01,-1.14525904510,
-4.0267711e-18,0.0000000e+00,4.3700415e-01,4.0267711e-18,0.0000000e+00,-4.3700415e-01,-1.15847706101,
4.7902472e-18,0.0000000e+00,2.9301131e-01,-4.7902472e-18,0.0000000e+00,-2.9301131e-01,-1.14351509145,
-9.0912733e-19,0.0000000e+00,3.8608918e-01,9.0912733e-19,0.0000000e+00,-3.8608918e-01,-1.16695436590,
-3.4006700e-18,0.0000000e+00,4.2677915e-01,3.4006700e-18,0.0000000e+00,-4.2677915e-01,-1.16081370017,
-4.2110814e-18,0.0000000e+00,4.4001415e-01,4.2110814e-18,0.0000000e+00,-4.4001415e-01,-1.15774196250,
-4.9720474e-18,0.0000000e+00,4.5244169e-01,4.9720474e-18,0.0000000e+00,-4.5244169e-01,-1.15450462228,
-4.9263072e-18,0.0000000e+00,4.5169470e-01,4.9263072e-18,0.0000000e+00,-4.5169470e-01,-1.15470780151,
-1.0940515e-18,0.0000000e+00,3.8910919e-01,1.0940515e-18,0.0000000e+00,-3.8910919e-01,-1.16671182772,
-3.9646494e-18,0.0000000e+00,4.3598962e-01,3.9646494e-18,0.0000000e+00,-4.3598962e-01,-1.15872018800,
-1.7853434e-18,0.0000000e+00,4.0039885e-01,1.7853434e-18,0.0000000e+00,-4.0039885e-01,-1.16546771948,
-2.2650350e-18,0.0000000e+00,4.0823281e-01,2.2650350e-18,0.0000000e+00,-4.0823281e-01,-1.16431996199,
4.5916936e-18,0.0000000e+00,2.9625395e-01,-4.5916936e-18,0.0000000e+00,-2.9625395e-01,-1.14582589357,
-4.4128415e-18,0.0000000e+00,4.4330916e-01,4.4128415e-18,0.0000000e+00,-4.4330916e-01,-1.15691442689,
1.0433776e-19,0.0000000e+00,3.6953801e-01,-1.0433776e-19,0.0000000e+00,-3.6953801e-01,-1.16751038630,
-5.1142592e-18,0.0000000e+00,4.5476419e-01,5.1142592e-18,0.0000000e+00,-4.5476419e-01,-1.15386636505,
4.9623963e-18,0.0000000e+00,2.9019991e-01,-4.9623963e-18,0.0000000e+00,-2.9019991e-01,-1.14138339855,
-3.9170418e-18,0.0000000e+00,4.3521214e-01,3.9170418e-18,0.0000000e+00,-4.3521214e-01,-1.15890488868,
4.2515504e-18,0.0000000e+00,3.0180889e-01,-4.2515504e-18,0.0000000e+00,-3.0180889e-01,-1.14943504285,
-3.4779504e-18,0.0000000e+00,4.2804122e-01,3.4779504e-18,0.0000000e+00,-4.2804122e-01,-1.16053945029,
-4.2546759e-18,0.0000000e+00,4.4072610e-01,4.2546759e-18,0.0000000e+00,-4.4072610e-01,-1.15756514415,
-5.1033731e-18,0.0000000e+00,4.5458639e-01,5.1033731e-18,0.0000000e+00,-4.5458639e-01,-1.15391557236,
4.0051126e-18,0.0000000e+00,3.0583352e-01,-4.0051126e-18,0.0000000e+00,-3.0583352e-01,-1.15178955955,
3.8872054e-18,0.0000000e+00,3.0775911e-01,-3.8872054e-18,0.0000000e+00,-3.0775911e-01,-1.15284258109,
5.0233624e-18,0.0000000e+00,2.8920424e-01,-5.0233624e-18,0.0000000e+00,-2.8920424e-01,-1.14059897710,
4.4626142e-18,0.0000000e+00,2.9836196e-01,-4.4626142e-18,0.0000000e+00,-2.9836196e-01,-1.14724622789,
4.4966725e-18,0.0000000e+00,2.9780576e-01,-4.4966725e-18,0.0000000e+00,-2.9780576e-01,-1.14687760470,
-4.8301677e-18,0.0000000e+00,4.5012462e-01,4.8301677e-18,0.0000000e+00,-4.5012462e-01,-1.15513144565,
3.6419460e-18,0.0000000e+00,3.1176451e-01,-3.6419460e-18,0.0000000e+00,-3.1176451e-01,-1.15488713794,
1.8106239e-18,0.0000000e+00,3.4167224e-01,-1.8106239e-18,0.0000000e+00,-3.4167224e-01,-1.16480738023,
-2.9808996e-18,0.0000000e+00,4.1992378e-01,2.9808996e-18,0.0000000e+00,-4.1992378e-01,-1.16222816718,
-3.5984619e-18,0.0000000e+00,4.3000934e-01,3.5984619e-18,0.0000000e+00,-4.3000934e-01,-1.16010356387,
2.7275354e-18,0.0000000e+00,3.2669795e-01,-2.7275354e-18,0.0000000e+00,-3.2669795e-01,-1.16092398392,
-4.6903684e-18,0.0000000e+00,4.4784153e-01,4.6903684e-18,0.0000000e+00,-4.4784153e-01,-1.15573904158,
3.4453059e-18,0.0000000e+00,3.1497586e-01,-3.4453059e-18,0.0000000e+00,-3.1497586e-01,-1.15638972681,
3.8302611e-18,0.0000000e+00,3.0868909e-01,-3.8302611e-18,0.0000000e+00,-3.0868909e-01,-1.15333462432,
-4.1270845e-18,0.0000000e+00,4.3864238e-01,4.1270845e-18,0.0000000e+00,-4.3864238e-01,-1.15807949755,
-1.5388055e-18,0.0000000e+00,3.9637259e-01,1.5388055e-18,0.0000000e+00,-3.9637259e-01,-1.16596981906,
1.3827848e-18,0.0000000e+00,3.4865940e-01,-1.3827848e-18,0.0000000e+00,-3.4865940e-01,-1.16598643461,
-1.6587862e-18,0.0000000e+00,3.9833203e-01,1.6587862e-18,0.0000000e+00,-3.9833203e-01,-1.16573323385,
1.0073359e-18,0.0000000e+00,3.5479096e-01,-1.0073359e-18,0.0000000e+00,-3.5479096e-01,-1.16672736545,
5.1087928e-18,0.0000000e+00,2.8780907e-01,-5.1087928e-18,0.0000000e+00,-2.8780907e-01,-1.13947326424,
-4.1435359e-18,0.0000000e+00,4.3891108e-01,4.1435359e-18,0.0000000e+00,-4.3891108e-01,-1.15801371161,
-3.3827890e-18,0.0000000e+00,4.2648712e-01,3.3827890e-18,0.0000000e+00,-4.2648712e-01,-1.16087656328,
-1.5964573e-18,0.0000000e+00,3.9731410e-01,1.5964573e-18,0.0000000e+00,-3.9731410e-01,-1.16585800321,
-1.7014008e-18,0.0000000e+00,3.9902797e-01,1.7014008e-18,0.0000000e+00,-3.9902797e-01,-1.16564563901,
-4.4565534e-18,0.0000000e+00,4.4402301e-01,4.4565534e-18,0.0000000e+00,-4.4402301e-01,-1.15673210009,
4.3486758e-18,0.0000000e+00,3.0022272e-01,-4.3486758e-18,0.0000000e+00,-3.0022272e-01,-1.14844805709,
-4.7521030e-18,0.0000000e+00,4.4884971e-01,4.7521030e-18,0.0000000e+00,-4.4884971e-01,-1.15547198482,
-4.0106642e-18,0.0000000e+00,4.3674111e-01,4.0106642e-18,0.0000000e+00,-4.3674111e-01,-1.15854032524,
-3.8158479e-18,0.0000000e+00,4.3355951e-01,3.8158479e-18,0.0000000e+00,-4.3355951e-01,-1.15929275365,
-2.0004549e-20,0.0000000e+00,3.7156868e-01,2.0004549e-20,0.0000000e+00,-3.7156868e-01,-1.16751801505,
-4.7725298e-18,0.0000000e+00,4.4918332e-01,4.7725298e-18,0.0000000e+00,-4.4918332e-01,-1.15538317801,
-3.1037992e-18,0.0000000e+00,4.2193088e-01,3.1037992e-18,0.0000000e+00,-4.2193088e-01,-1.16182755844,
4.4223404e-18,0.0000000e+00,2.9901969e-01,-4.4223404e-18,0.0000000e+00,-2.9901969e-01,-1.14767653676,
2.7880919e-18,0.0000000e+00,3.2570899e-01,-2.7880919e-18,0.0000000e+00,-3.2570899e-01,-1.16059565760,
3.0700182e-18,0.0000000e+00,3.2110479e-01,-3.0700182e-18,0.0000000e+00,-3.2110479e-01,-1.15893909628,
-3.2004044e-18,0.0000000e+00,4.2350855e-01,3.2004044e-18,0.0000000e+00,-4.2350855e-01,-1.16150469239,
-2.6280825e-18,0.0000000e+00,4.1416183e-01,2.6280825e-18,0.0000000e+00,-4.1416183e-01,-1.16331245829,
3.5928052e-18,0.0000000e+00,3.1256703e-01,-3.5928052e-18,0.0000000e+00,-3.1256703e-01,-1.15527379417,
-4.1159759e-18,0.0000000e+00,4.3846098e-01,4.1159759e-18,0.0000000e+00,-4.3846098e-01,-1.15812381827,
-3.3772897e-18,0.0000000e+00,4.2639732e-01,3.3772897e-18,0.0000000e+00,-4.2639732e-01,-1.16089584853,
4.8188407e-18,0.0000000e+00,2.9254434e-01,-4.8188407e-18,0.0000000e+00,-2.9254434e-01,-1.14316940446,
-1.8253155e-18,0.0000000e+00,4.0105164e-01,1.8253155e-18,0.0000000e+00,-4.0105164e-01,-1.16538052147,
-3.8620182e-18,0.0000000e+00,4.3431354e-01,3.8620182e-18,0.0000000e+00,-4.3431354e-01,-1.15911659182,
-2.9951122e-18,0.0000000e+00,4.2015588e-01,2.9951122e-18,0.0000000e+00,-4.2015588e-01,-1.16218243026,
4.7296715e-18,0.0000000e+00,2.9400060e-01,-4.7296715e-18,0.0000000e+00,-2.9400060e-01,-1.14423659402,
3.3293501e-18,0.0000000e+00,3.1686959e-01,-3.3293501e-18,0.0000000e+00,-3.1686959e-01,-1.15722104413,
-2.4597347e-18,0.0000000e+00,4.1141251e-01,2.4597347e-18,0.0000000e+00,-4.1141251e-01,-1.16379380911,
4.6293742e-18,0.0000000e+00,2.9563856e-01,-4.6293742e-18,0.0000000e+00,-2.9563856e-01,-1.14539923106,
3.7657931e-18,0.0000000e+00,3.0974191e-01,-3.7657931e-18,0.0000000e+00,-3.0974191e-01,-1.15387889572,
3.1609915e-18,0.0000000e+00,3.1961909e-01,-3.1609915e-18,0.0000000e+00,-3.1961909e-01,-1.15835816917,
4.9490626e-18,0.0000000e+00,2.9041767e-01,-4.9490626e-18,0.0000000e+00,-2.9041767e-01,-1.14155287839,
4.1529930e-18,0.0000000e+00,3.0341846e-01,-4.1529930e-18,0.0000000e+00,-3.0341846e-01,-1.15040210381,
3.1404625e-18,0.0000000e+00,3.1995434e-01,-3.1404625e-18,0.0000000e+00,-3.1995434e-01,-1.15849128319,
-2.0991888e-18,0.0000000e+00,4.0552434e-01,2.0991888e-18,0.0000000e+00,-4.0552434e-01,-1.16474129920,
-4.8634440e-18,0.0000000e+00,4.5066804e-01,4.8634440e-18,0.0000000e+00,-4.5066804e-01,-1.15498534613,
-1.9849899e-18,0.0000000e+00,4.0365934e-01,1.9849899e-18,0.0000000e+00,-4.0365934e-01,-1.16501657448,
4.9093409e-18,0.0000000e+00,2.9106638e-01,-4.9093409e-18,0.0000000e+00,-2.9106638e-01,-1.14205337654,
3.2075008e-18,0.0000000e+00,3.1885952e-01,-3.2075008e-18,0.0000000e+00,-3.1885952e-01,-1.15805216132,
-4.5049894e-18,0.0000000e+00,4.4481406e-01,4.5049894e-18,0.0000000e+00,-4.4481406e-01,-1.15652881673,
4.9511532e-18,0.0000000e+00,2.9038352e-01,-4.9511532e-18,0.0000000e+00,-2.9038352e-01,-1.14152634894,
4.5756356e-18,0.0000000e+00,2.9651618e-01,-4.5756356e-18,0.0000000e+00,-2.9651618e-01,-1.14600603805,
3.9633507e-18,0.0000000e+00,3.0651557e-01,-3.9633507e-18,0.0000000e+00,-3.0651557e-01,-1.15216787093,
5.2004892e-19,0.0000000e+00,3.6274895e-01,-5.2004892e-19,0.0000000e+00,-3.6274895e-01,-1.16731482614,
3.9697543e-18,0.0000000e+00,3.0641097e-01,-3.9697543e-18,0.0000000e+00,-3.0641097e-01,-1.15211023434,
2.1719565e-18,0.0000000e+00,3.3577126e-01,-2.1719565e-18,0.0000000e+00,-3.3577126e-01,-1.16351027464,
3.8060433e-18,0.0000000e+00,3.0908459e-01,-3.8060433e-18,0.0000000e+00,-3.0908459e-01,-1.15354066452,
1.6818355e-18,0.0000000e+00,3.4377554e-01,-1.6818355e-18,0.0000000e+00,-3.4377554e-01,-1.16520161298,
3.3361842e-18,0.0000000e+00,3.1675798e-01,-3.3361842e-18,0.0000000e+00,-3.1675798e-01,-1.15717315121,
4.8815878e-18,0.0000000e+00,2.9151961e-01,-4.8815878e-18,0.0000000e+00,-2.9151961e-01,-1.14239918366,
2.7631950e-18,0.0000000e+00,3.2611558e-01,-2.7631950e-18,0.0000000e+00,-3.2611558e-01,-1.16073179352,
-2.2782080e-18,0.0000000e+00,4.0844795e-01,2.2782080e-18,0.0000000e+00,-4.0844795e-01,-1.16428542189,
-1.7875733e-18,0.0000000e+00,4.0043527e-01,1.7875733e-18,0.0000000e+00,-4.0043527e-01,-1.16546289641,
-4.9213487e-18,0.0000000e+00,4.5161372e-01,4.9213487e-18,0.0000000e+00,-4.5161372e-01,-1.15472976538,
3.1537845e-18,0.0000000e+00,3.1973678e-01,-3.1537845e-18,0.0000000e+00,-3.1973678e-01,-1.15840503442,
-4.6851005e-18,0.0000000e+00,4.4775549e-01,4.6851005e-18,0.0000000e+00,-4.4775549e-01,-1.15576174021,
3.7867944e-18,0.0000000e+00,3.0939895e-01,-3.7867944e-18,0.0000000e+00,-3.0939895e-01,-1.15370307527,
-4.0590567e-18,0.0000000e+00,4.3753141e-01,4.0590567e-18,0.0000000e+00,-4.3753141e-01,-1.15834977143,
3.2180254e-18,0.0000000e+00,3.1868765e-01,-3.2180254e-18,0.0000000e+00,-3.1868765e-01,-1.15798206569,
1.8292622e-18,0.0000000e+00,3.4136787e-01,-1.8292622e-18,0.0000000e+00,-3.4136787e-01,-1.16474743746,
-2.1778905e-18,0.0000000e+00,4.0680963e-01,2.1778905e-18,0.0000000e+00,-4.0680963e-01,-1.16454449672,
-4.1616565e-18,0.0000000e+00,4.3920699e-01,4.1616565e-18,0.0000000e+00,-4.3920699e-01,-1.15794107721,
-2.5812953e-18,0.0000000e+00,4.1339773e-01,2.5812953e-18,0.0000000e+00,-4.1339773e-01,-1.16344863948,
-4.2559675e-18,0.0000000e+00,4.4074720e-01,4.2559675e-18,0.0000000e+00,-4.4074720e-01,-1.15755988690,
-4.8924160e-18,0.0000000e+00,4.5114121e-01,4.8924160e-18,0.0000000e+00,-4.5114121e-01,-1.15485767717,
4.1110682e-18,0.0000000e+00,3.0410314e-01,-4.1110682e-18,0.0000000e+00,-3.0410314e-01,-1.15080312206,
4.4333415e-18,0.0000000e+00,2.9884002e-01,-4.4333415e-18,0.0000000e+00,-2.9884002e-01,-1.14755959070,
-1.9495634e-18,0.0000000e+00,4.0308076e-01,1.9495634e-18,0.0000000e+00,-4.0308076e-01,-1.16509945610,
-4.5821459e-18,0.0000000e+00,4.4607410e-01,4.5821459e-18,0.0000000e+00,-4.4607410e-01,-1.15620235789,
2.8585579e-18,0.0000000e+00,3.2455820e-01,-2.8585579e-18,0.0000000e+00,-3.2455820e-01,-1.16020154893,
1.9420766e-18,0.0000000e+00,3.3952546e-01,-1.9420766e-18,0.0000000e+00,-3.3952546e-01,-1.16436868975,
-5.1338107e-19,0.0000000e+00,3.7962613e-01,5.1338107e-19,0.0000000e+00,-3.7962613e-01,-1.16733348532,
-3.5566731e-18,0.0000000e+00,4.2932686e-01,3.5566731e-18,0.0000000e+00,-4.2932686e-01,-1.16025583536,
1.4730469e-18,0.0000000e+00,3.4718531e-01,-1.4730469e-18,0.0000000e+00,-3.4718531e-01,-1.16576833607,
-1.8204976e-18,0.0000000e+00,4.0097296e-01,1.8204976e-18,0.0000000e+00,-4.0097296e-01,-1.16539111528,
-1.9666525e-18,0.0000000e+00,4.0335986e-01,1.9666525e-18,0.0000000e+00,-4.0335986e-01,-1.16505962523,
-4.9499811e-18,0.0000000e+00,4.5208132e-01,4.9499811e-18,0.0000000e+00,-4.5208132e-01,-1.15460277145,
-3.3938071e-18,0.0000000e+00,4.2666706e-01,3.3938071e-18,0.0000000e+00,-4.2666706e-01,-1.16083785557,
3.9854149e-18,0.0000000e+00,3.0615523e-01,-3.9854149e-18,0.0000000e+00,-3.0615523e-01,-1.15196873521,
-4.7809418e-18,0.0000000e+00,4.4932067e-01,4.7809418e-18,0.0000000e+00,-4.4932067e-01,-1.15534655281,
-1.2711029e-18,0.0000000e+00,3.9200068e-01,1.2711029e-18,0.0000000e+00,-3.9200068e-01,-1.16644261615,
-2.4844150e-18,0.0000000e+00,4.1181555e-01,2.4844150e-18,0.0000000e+00,-4.1181555e-01,-1.16372475314,
2.7177958e-18,0.0000000e+00,3.2685703e-01,-2.7177958e-18,0.0000000e+00,-3.2685703e-01,-1.16097591184,
4.4391814e-18,0.0000000e+00,2.9874465e-01,-4.4391814e-18,0.0000000e+00,-2.9874465e-01,-1.14749733204,
-2.5572233e-18,0.0000000e+00,4.1300461e-01,2.5572233e-18,0.0000000e+00,-4.1300461e-01,-1.16351798752,
-2.5869027e-18,0.0000000e+00,4.1348931e-01,2.5869027e-18,0.0000000e+00,-4.1348931e-01,-1.16343241436,
4.5093656e-18,0.0000000e+00,2.9759845e-01,-4.5093656e-18,0.0000000e+00,-2.9759845e-01,-1.14673909144,
-3.4560541e-18,0.0000000e+00,4.2768362e-01,3.4560541e-18,0.0000000e+00,-4.2768362e-01,-1.16061757947,
-4.7650335e-18,0.0000000e+00,4.4906089e-01,4.7650335e-18,0.0000000e+00,-4.4906089e-01,-1.15541579390,
4.0784392e-18,0.0000000e+00,3.0463603e-01,-4.0784392e-18,0.0000000e+00,-3.0463603e-01,-1.15111101467,
4.9344264e-18,0.0000000e+00,2.9065669e-01,-4.9344264e-18,0.0000000e+00,-2.9065669e-01,-1.14173805137,
-4.9231499e-18,0.0000000e+00,4.5164311e-01,4.9231499e-18,0.0000000e+00,-4.5164311e-01,-1.15472179547,
4.5176850e-18,0.0000000e+00,2.9746258e-01,-4.5176850e-18,0.0000000e+00,-2.9746258e-01,-1.14664797984,
-3.7622490e-18,0.0000000e+00,4.3268418e-01,3.7622490e-18,0.0000000e+00,-4.3268418e-01,-1.15949553894,
-4.1389095e-18,0.0000000e+00,4.3883550e-01,4.1389095e-18,0.0000000e+00,-4.3883550e-01,-1.15803223223,
-4.9498244e-18,0.0000000e+00,4.5207876e-01,4.9498244e-18,0.0000000e+00,-4.5207876e-01,-1.15460346782,
2.3781174e-18,0.0000000e+00,3.3240438e-01,-2.3781174e-18,0.0000000e+00,-3.3240438e-01,-1.16263763563,
4.9844882e-18,0.0000000e+00,2.8983912e-01,-4.9844882e-18,0.0000000e+00,-2.8983912e-01,-1.14110096299,
-3.8246629e-19,0.0000000e+00,3.7748814e-01,3.8246629e-19,0.0000000e+00,-3.7748814e-01,-1.16741476912,
4.8801621e-18,0.0000000e+00,2.9154289e-01,-4.8801621e-18,0.0000000e+00,-2.9154289e-01,-1.14241686034,
-3.4608931e-18,0.0000000e+00,4.2776266e-01,3.4608931e-18,0.0000000e+00,-4.2776266e-01,-1.16060033925,
-1.1186549e-18,0.0000000e+00,3.8951102e-01,1.1186549e-18,0.0000000e+00,-3.8951102e-01,-1.16667654879,
3.8719932e-18,0.0000000e+00,3.0800754e-01,-3.8719932e-18,0.0000000e+00,-3.0800754e-01,-1.15297506628,
-3.3985135e-18,0.0000000e+00,4.2674392e-01,3.3985135e-18,0.0000000e+00,-4.2674392e-01,-1.16082129581,
4.4587732e-18,0.0000000e+00,2.9842469e-01,-4.4587732e-18,0.0000000e+00,-2.9842469e-01,-1.14728752917,
2.9372702e-18,0.0000000e+00,3.2327273e-01,-2.9372702e-18,0.0000000e+00,-3.2327273e-01,-1.15974575335,
4.8908605e-18,0.0000000e+00,2.9136819e-01,-4.8908605e-18,0.0000000e+00,-2.9136819e-01,-1.14228400550,
-4.8986041e-18,0.0000000e+00,4.5124227e-01,4.8986041e-18,0.0000000e+00,-4.5124227e-01,-1.15483035478,
5.1108206e-18,0.0000000e+00,2.8777596e-01,-5.1108206e-18,0.0000000e+00,-2.8777596e-01,-1.13944616837,
2.1454708e-18,0.0000000e+00,3.3620378e-01,-2.1454708e-18,0.0000000e+00,-3.3620378e-01,-1.16361523076,
3.1551504e-18,0.0000000e+00,3.1971449e-01,-3.1551504e-18,0.0000000e+00,-3.1971449e-01,-1.15839616959,
4.0994128e-18,0.0000000e+00,3.0429348e-01,-4.0994128e-18,0.0000000e+00,-3.0429348e-01,-1.15091351912,
-3.4194036e-18,0.0000000e+00,4.2708510e-01,3.4194036e-18,0.0000000e+00,-4.2708510e-01,-1.16074759953,
3.9471388e-18,0.0000000e+00,3.0678031e-01,-3.9471388e-18,0.0000000e+00,-3.0678031e-01,-1.15231313242,
4.3283541e-18,0.0000000e+00,3.0055460e-01,-4.3283541e-18,0.0000000e+00,-3.0055460e-01,-1.14865739422,
-4.0016583e-18,0.0000000e+00,4.3659401e-01,4.0016583e-18,0.0000000e+00,-4.3659401e-01,-1.15857563513,
-4.7640061e-18,0.0000000e+00,4.4904411e-01,4.7640061e-18,0.0000000e+00,-4.4904411e-01,-1.15542026190,
-2.4593502e-18,0.0000000e+00,4.1140622e-01,2.4593502e-18,0.0000000e+00,-4.1140622e-01,-1.16379488267,
4.2759890e-18,0.0000000e+00,3.0140978e-01,-4.2759890e-18,0.0000000e+00,-3.0140978e-01,-1.14918990352,
2.1612790e-18,0.0000000e+00,3.3594561e-01,-2.1612790e-18,0.0000000e+00,-3.3594561e-01,-1.16355277550,
-3.7701879e-18,0.0000000e+00,4.3281382e-01,3.7701879e-18,0.0000000e+00,-4.3281382e-01,-1.15946562267,
4.2958765e-18,0.0000000e+00,3.0108500e-01,-4.2958765e-18,0.0000000e+00,-3.0108500e-01,-1.14898883458,
2.8694478e-18,0.0000000e+00,3.2438034e-01,-2.8694478e-18,0.0000000e+00,-3.2438034e-01,-1.16013946887,
-2.4123207e-18,0.0000000e+00,4.1063818e-01,2.4123207e-18,0.0000000e+00,-4.1063818e-01,-1.16392500434,
3.7658142e-18,0.0000000e+00,3.0974159e-01,-3.7658142e-18,0.0000000e+00,-3.0974159e-01,-1.15387873233,
2.9816255e-18,0.0000000e+00,3.2254836e-01,-2.9816255e-18,0.0000000e+00,-3.2254836e-01,-1.15948157471,
-3.8489504e-18,0.0000000e+00,4.3410012e-01,3.8489504e-18,0.0000000e+00,-4.3410012e-01,-1.15916659040,
4.3273983e-18,0.0000000e+00,3.0057022e-01,-4.3273983e-18,0.0000000e+00,-3.0057022e-01,-1.14866720965,
2.5918489e-18,0.0000000e+00,3.2891387e-01,-2.5918489e-18,0.0000000e+00,-3.2891387e-01,-1.16162553013,
-2.2219721e-18,0.0000000e+00,4.0752953e-01,2.2219721e-18,0.0000000e+00,-4.0752953e-01,-1.16443178002,
3.8190093e-18,0.0000000e+00,3.0887282e-01,-3.8190093e-18,0.0000000e+00,-3.0887282e-01,-1.15343057799,
